 -18.6536860393056
 -18.63441667520683
 -18.61398711113456
 -18.5923365358866
 -18.56940156365912
 -18.54511616441259
 -18.5194115948788
 -18.49221633041421
 -18.4634559979158
 -18.43305331002708
 -18.40092800087255
 -18.3669967635704
 -18.33117318978394
 -18.29336771158315
 -18.25348754589864
 -18.21143664186035
 -18.1671156313241
 -18.1204217828984
 -18.07124895979381
 -18.01948758182607
 -17.96502459191277
 -17.9077434274114
 -17.84752399665402
 -17.78424266104038
 -17.71777222305761
 -17.64798192059935
 -17.57473742796192
 -17.49790086389816
 -17.41733080711215
 -17.33288231957916
 -17.24440697807547
 -17.15175291430157
 -17.05476486397998
 -16.95328422530525
 -16.84714912711883
 -16.73619450717479
 -16.62025220085478
 -16.49915104068064
 -16.37271696696252
 -16.240773149907
 -16.10314012349592
 -15.95963593142981
 -15.8100762854124
 -15.6542747360327
 -15.49204285647967
 -15.32319043930122
 -15.14752570639403
 -14.96485553238371
 -14.77498568152592
 -14.5777210582285
 -14.37286597126213
 -14.16022441169273
 -13.939600344533
 -13.71079801407269
 -13.47362226280789
 -13.22787886384889
 -12.97337486664342
 -12.70991895580868
 -12.43732182282005
 -12.15539655025812
 -11.86395900826805
 -11.56282826283679
 -11.25182699544422
 -10.93078193359395
 -10.59952429167872
 -10.25789022158425
 -9.905721272383468
 -9.542864858421636
 -9.169174735040899
 -8.784511481141703
 -8.388742987727149
 -7.981744951526084
 -7.56340137274119
 -7.133605055919571
 -6.692258112896114
 -6.239272466713938
 -5.77457035538198
 -5.298084834287399
 -4.80976027604024
 -4.309552866489723
 -3.797431095616256
 -3.273376241970441
 -2.737382849300705
 -2.189459193984629
 -1.629627741855874
 -1.057925592999005
 -0.4744049130687351
 0.1208666503218119
 0.7278055676069819
 1.346312045135122
 1.976269662361503
 2.617545029827482
 3.269987469375849
 3.933428718036943
 4.607682657000151
 5.292545067060519
 5.987793411899787
 6.693186650526588
 7.408465080159271
 8.133350210790226
 8.867544672619374
 9.610732157488908
 10.36257739539055
 11.12272616705071
 11.8908053535284
 12.66642302368484
 13.44916856030423
 14.23861282555973
 15.03430836643046
 15.8357896605817
 16.64257340312405
 17.45415883456613
 18.27002811017211
 19.08964671082757
 19.91246389540788
 20.73791319453056
 21.56541294545866
 22.39436686780609
 23.22416467957745
 24.05418275295698
 24.88378480914098
 25.71232265138847
 26.53913693534581
 27.363557975581
 28.18490658714608
 29.00249496086912
 29.81562757096231
 30.62360211342045
 31.42571047357416
 32.22123972105536
 33.00947313032962
 33.78969122485071
 34.56117284279792
 35.32319622226693
 36.07504010369998
 36.81598484726175
 37.54531356279453
 38.26231324991846
 38.96627594578251
 39.65649987791806
 40.33229061960038
 40.99296224508398
 41.63783848204657
 42.26625385855225
 42.87755484182922
 43.47110096614922
 12.55189901361089
 12.82998542982576
 13.09827844832243
 13.35648945340522
 13.60433905364985
 13.84155758497793
 14.06788559903175
 14.28307433561314
 14.48688617798293
 14.67909508985574
 14.85948703296559
 15.02786036412314
 15.18402621073384
 15.3278088237982
 15.45904590747107
 15.57758892431477
 15.68330337544256
 15.77606905481285
 15.85578027700125
 15.92234607784625
 15.97569038743525
 16.01575217497064
 16.04248556512948
 16.05585992560655
 16.05585992560655
 16.04248556512948
 16.01575217497064
 15.97569038743525
 15.92234607784625
 15.85578027700125
 15.77606905481285
 15.68330337544256
 15.57758892431477
 15.45904590747107
 15.3278088237982
 15.18402621073384
 15.02786036412315
 14.8594870329656
 14.67909508985574
 14.48688617798294
 14.28307433561315
 14.06788559903176
 13.84155758497793
 13.60433905364986
 13.35648945340522
 13.09827844832243
 12.82998542982576
 12.55189901361088
 12.26431652313699
 11.96754346097699
 11.66189296933851
 11.34768528108566
 11.02524716260437
 10.69491134986257
 10.35701597902141
 10.01190401295364
 9.659922665021615
 9.301422821459653
 36.81598484726175
 36.07504010369998
 35.32319622226693
 34.56117284279792
 33.78969122485071
 33.00947313032962
 32.22123972105536
 31.42571047357416
 30.62360211342045
 29.81562757096231
 29.00249496086912
 28.18490658714608
 27.363557975581
 26.53913693534581
 25.71232265138847
 24.88378480914098
 24.05418275295698
 23.22416467957745
 22.39436686780609
 21.56541294545868
 20.73791319453057
 19.91246389540791
 19.08964671082759
 18.27002811017212
 17.45415883456614
 16.64257340312407
 15.83578966058172
 15.03430836643047
 14.23861282555975
 13.44916856030424
 12.66642302368482
 11.89080535352838
 11.1227261670507
 10.36257739539053
 9.610732157488894
 8.86754467261936
 8.133350210790212
 7.40846508015926
 6.693186650526577
 5.987793411899776
 5.292545067060502
 4.607682657000151
 3.933428718036943
 3.269987469375849
 2.617545029827482
 1.976269662361503
 1.346312045135122
 0.7278055676069819
 0.1208666503218119
 -0.4744049130687351
 -1.057925592999005
 -1.629627741855874
 -2.189459193984629
 -2.737382849300705
 -3.273376241970441
 -3.797431095616256
 -4.309552866489723
 -4.80976027604024
 -5.298084834287399
 -5.77457035538198
 -6.239272466713938
 -6.692258112896114
 -7.133605055919571
 -7.56340137274119
 -7.981744951526084
 -8.388742987727149
 -8.784511481141703
 -9.169174735040892
 -9.542864858421627
 -9.905721272383461
 -10.25789022158424
 -10.59952429167872
 -10.93078193359394
 -11.25182699544423
 -11.56282826283679
 -11.86395900826805
 -12.15539655025813
 -12.43732182282006
 -12.70991895580868
 -12.97337486664342
 -13.22787886384889
 -13.47362226280789
 -13.71079801407269
 -13.939600344533
 -14.16022441169273
 -14.37286597126213
 -14.5777210582285
 -14.77498568152592
 -14.96485553238371
 -15.14752570639403
 -15.32319043930122
 -15.49204285647967
 -15.6542747360327
 -15.8100762854124
 -15.95963593142981
 -16.10314012349592
 -16.240773149907
 -16.37271696696252
 -16.49915104068064
 -16.62025220085478
 -16.73619450717479
 -16.84714912711883
 -16.95328422530525
 -17.05476486397998
 -17.15175291430157
 -17.24440697807547
 -17.33288231957916
 -17.41733080711215
 -17.49790086389816
 -17.57473742796192
 -17.64798192059935
 -17.71777222305761
 -17.78424266104038
 -17.84752399665402
 -17.9077434274114
 -17.96502459191277
 -18.01948758182607
 -18.07124895979381
 -18.1204217828984
 -18.1671156313241
 -18.21143664186035
 -18.25348754589864
 -18.29336771158315
 -18.33117318978394
 -18.3669967635704
 -18.40092800087255
 -18.43305331002708
 -18.4634559979158
 -18.49221633041421
 -18.5194115948788
 -18.54511616441259
 -18.56940156365912
 -18.5923365358866
 -18.61398711113456
 -18.63441667520683
 -18.6536860393056
 -18.67185351011213
 -18.32699145181096
 -18.30237972568932
 -18.2764195781159
 -18.24902779722857
 -18.22011469879081
 -18.1895835778789
 -18.15733010494657
 -18.12324166020155
 -18.08719659946508
 -18.04906344381859
 -18.00869998435716
 -17.96595229224776
 -17.92065362301114
 -17.87262320248547
 -17.82166488025777
 -17.76756563443296
 -17.71009390941057
 -17.64899776580951
 -17.58400281876659
 -17.51480993747224
 -17.44109267491908
 -17.36249439233732
 -17.27862503756774
 -17.18905753055181
 -17.09332370204774
 -16.99090972342982
 -16.88125095578055
 -16.76372613517995
 -16.63765079782177
 -16.50226983296509
 -16.35674903330471
 -16.20016549056309
 -16.03149665829622
 -15.84960787324676
 -15.65323809006733
 -15.44098354064438
 -15.21127897706867
 -14.96237609465356
 -14.69231865599014
 -14.39891374597894
 -14.07969847751884
 -13.73190133359498
 -13.35239716828006
 -12.93765468958026
 -12.4836750021816
 -11.98591948663462
 -11.43922491888482
 -10.83770327177979
 -10.17462306442288
 -9.442268405187658
 -8.631770969852084
 -7.732909015442107
 -6.733866084499397
 -5.620940213266282
 -4.378192100889089
 -2.987017665316438
 -1.425626490528089
 0.3315974308029261
 2.314882929329062
 4.560045923529724
 7.109701420206072
 10.01477949304238
 13.3364323625531
 17.14844797301994
 21.54032404494068
 26.62120967528756
 32.52499526450978
 39.4169348256606
 40.93426512736187
 33.82935984542178
 27.75027064816054
 22.52459984342659
 18.01286996436856
 14.10153921735257
 10.6976422399647
 7.724646934422037
 5.119228772979664
 2.828742788318753
 0.8092301495151766
 -0.9761626309133895
 -2.558443684974257
 -3.9637845434548
 -5.21433064171999
 -6.328854081895692
 -7.323279660008673
 -8.211107838065313
 -9.003752573408967
 -9.710807245557014
 -10.34024796821332
 -10.89858001231818
 -11.39092957247755
 -11.82107932310981
 -12.19144167384112
 -12.50295770296466
 -12.75490145619897
 -12.94455712234647
 -13.06671805696026
 -13.11292756932029
 -13.07033470181866
 -12.91996141945626
 -12.63404819080255
 -12.17192126100031
 -11.47342772271296
 -10.44825788059705
 -8.958100682747959
 -6.785883645329553
 -3.580841106072528
 1.243644308994387
 8.709154955331257
 9.753601278934134
 1.631066482906522
 -3.684631854408474
 -7.290155607468721
 -9.812532597568564
 -11.62564576710946
 -12.96063728880846
 -13.96497148397188
 -14.73536718092385
 -15.33683682540476
 -15.8140505097995
 -16.19831413234367
 -16.51196461436945
 -16.77120230728602
 -16.98795449725354
 -17.17112479551757
 -17.32744537239704
 -17.46206756874618
 -17.57897722397003
 -17.68129071862181
 -17.77146865840279
 -17.85147192713419
 -17.92287690509584
 -17.98696141440664
 -18.04476944919697
 -18.09716037191854
 -18.14484662548371
 -18.18842287761485
 -18.22838871801546
 -18.2651664644698
 -18.29911522963801
 -18.33054210803841
 -18.35971112960072
 -18.38685046950728
 -18.41215828796387
 -18.43580748689697
 -18.45794960544017
 -18.47871802677463
 -18.49823063133591
 -18.51659200261586
 -18.53389526959426
 -18.55022365262534
 -18.5656517661859
 -18.58024672137421
 -18.59406906276424
 -18.60717356766047
 -18.6196099305828
 -18.63142335164297
 -18.64265504412983
 -18.65334267392529
 -18.66352074119232
 -18.67322091300411
 -18.68247231413885
 -18.69130178208149
 -18.69973409130205
 -18.70779215107881
 -18.71549718047154
 -18.72286886349998
 -18.72992548712397
 -18.73668406423923
 -18.74316044358138
 -18.74936940816151
 -17.89428425474635
 -17.84377892403222
 -17.79084006137573
 -17.7353504102887
 -17.67718706443558
 -17.6162211954031
 -17.55231776735286
 -17.48533523792486
 -17.41512524472942
 -17.34153227673314
 -17.2643933298111
 -17.18353754570217
 -17.098785833568
 -17.00995047331726
 -16.91683469981659
 -16.81923226706735
 -16.71692699138276
 -16.60969227255366
 -16.49729059194232
 -16.37947298639247
 -16.25597849679052
 -16.12653359005633
 -15.99085155328342
 -15.84863185868664
 -15.69955949795068
 -15.54330428450505
 -15.37952012218011
 -15.20784423862429
 -15.02789638178451
 -14.83927797767011
 -14.64157124753471
 -14.43433828252074
 -14.21712007371688
 -13.98943549548011
 -13.75078023977058
 -13.50062569913869
 -13.23841779589052
 -12.9635757548381
 -12.67549081691627
 -12.37352489081694
 -12.05700913965411
 -11.72524249952923
 -11.37749012671565
 -11.01298177002264
 -10.63091006473405
 -10.23042874434263
 -9.810650766119085
 -9.370646346364346
 -8.909440900992916
 -8.42601288688609
 -7.919291539233626
 -7.388154499852217
 -6.831425331227715
 -6.247870910774729
 -5.636198699542154
 -4.995053879314915
 -4.323016351770729
 -3.618597593045308
 -2.88023735673897
 -2.106300218061957
 -1.295071951464134
 -0.4447557337254828
 0.4465318359023485
 1.380764907318657
 2.360012752200408
 3.386444347318129
 4.462333178692695
 5.590062277234125
 6.772129497015758
 8.011153047875172
 9.309877294596006
 10.67117883551558
 12.09807287402224
 13.59371989705473
 15.16143267539599
 16.80468360126714
 18.52711237947317
 20.33253408913662
 22.22494763387491
 24.20854459913822
 26.28771853632644
 28.46707469424884
 30.75144021948112
 33.14587484821317
 35.65568211326901
 35.65568211326901
 33.14587484821317
 30.75144021948112
 28.46707469424884
 26.28771853632644
 24.20854459913822
 22.22494763387491
 20.33253408913662
 18.52711237947317
 16.80468360126714
 15.16143267539599
 13.59371989705473
 12.09807287402224
 10.67117883551558
 9.309877294596006
 8.011153047875172
 6.772129497015758
 5.590062277234125
 4.462333178692695
 3.386444347318129
 2.360012752200408
 1.380764907318657
 0.4465318359023485
 -0.4447557337254828
 -1.295071951464134
 -2.106300218061957
 -2.88023735673897
 -3.618597593045308
 -4.323016351770729
 -4.995053879314915
 -5.636198699542154
 -6.247870910774729
 -6.831425331227715
 -7.388154499852217
 -7.919291539233626
 -8.42601288688609
 -8.909440900992916
 -9.370646346364346
 -9.810650766119085
 -10.23042874434263
 -10.63091006473405
 -11.01298177002264
 -11.37749012671565
 -11.72524249952923
 -12.05700913965411
 -12.37352489081694
 -12.67549081691627
 -12.9635757548381
 -13.23841779589052
 -13.50062569913869
 -13.75078023977058
 -13.98943549548011
 -14.21712007371688
 -14.43433828252074
 -14.64157124753471
 -14.83927797767011
 -15.02789638178451
 -15.20784423862429
 -15.37952012218011
 -15.54330428450505
 -15.69955949795068
 -15.84863185868664
 -15.99085155328342
 -16.12653359005633
 -16.25597849679052
 -16.37947298639247
 -16.49729059194232
 -16.60969227255366
 -16.71692699138276
 -16.81923226706735
 -16.91683469981659
 -17.00995047331726
 -17.098785833568
 -17.18353754570217
 -17.2643933298111
 -17.34153227673314
 -17.41512524472942
 -17.48533523792486
 -17.55231776735286
 -17.6162211954031
 -17.67718706443558
 -17.7353504102887
 -17.79084006137573
 -17.84377892403222
 -17.89428425474635
 -18.94246791987523
 -18.94246791987523
 -18.94246791987523
 -18.94246791987523
 -18.94246791987523
 -18.94246791987523
 -18.94246791987523
 -18.94246791987523
 -18.94246791987523
 -18.94246791987523
 -18.94246791987523
 -18.94246791987523
 -18.94246791987523
 -18.94246791987523
 -18.94246791987523
 -18.94246791987523
 -18.94246791987523
 -18.94246791987523
 -18.94246791987523
 -18.94246791987523
 -18.94246791987523
 -18.94246791987523
 -18.94246791987523
 -18.94246791987523
 -18.94246791987523
 -18.94246791987523
 -18.94246791987523
 -18.94246791987523
 -18.94246791987523
 -18.94246791987523
 -18.94246791987523
 -18.94246791987523
 -18.94246791987523
 -18.94246791987523
 -18.94246791987523
 -18.94246791987523
 -18.94246791987523
 -18.94246791987523
 -18.94246791987523
 -18.94246791987523
 -18.94246791987523
 -18.94246791987523
 -18.94246791987523
 -18.94246791987523
 -18.94246791987523
 -18.94246791987523
 -18.94246791987523
 -18.94246791987523
 -18.94246791987523
 -18.94246791987523
 -18.94246791987523
 6.057532080124773
 6.057532080124773
 6.057532080124773
 6.057532080124773
 6.057532080124773
 6.057532080124773
 6.057532080124773
 6.057532080124773
 6.057532080124773
 6.057532080124773
 6.057532080124773
 6.057532080124773
 6.057532080124773
 6.057532080124773
 6.057532080124773
 6.057532080124773
 6.057532080124773
 6.057532080124773
 6.057532080124773
 6.057532080124773
 6.057532080124773
 6.057532080124773
 6.057532080124773
 6.057532080124773
 6.057532080124773
 6.057532080124773
 6.057532080124773
 6.057532080124773
 6.057532080124773
 6.057532080124773
 6.057532080124773
 6.057532080124773
 6.057532080124773
 6.057532080124773
 6.057532080124773
 6.057532080124773
 6.057532080124773
 6.057532080124773
 6.057532080124773
 6.057532080124773
 6.057532080124773
 6.057532080124773
 6.057532080124773
 6.057532080124773
 6.057532080124773
 6.057532080124773
 6.057532080124773
 6.057532080124773
 6.057532080124773
 6.057532080124773
 6.057532080124773
 6.057532080124773
 6.057532080124773
 6.057532080124773
 6.057532080124773
 6.057532080124773
 6.057532080124773
 6.057532080124773
 6.057532080124773
 6.057532080124773
 6.057532080124773
 6.057532080124773
 6.057532080124773
 6.057532080124773
 6.057532080124773
 6.057532080124773
 6.057532080124773
 6.057532080124773
 6.057532080124773
 6.057532080124773
 6.057532080124773
 6.057532080124773
 6.057532080124773
 6.057532080124773
 6.057532080124773
 6.057532080124773
 6.057532080124773
 6.057532080124773
 6.057532080124773
 6.057532080124773
 6.057532080124773
 6.057532080124773
 6.057532080124773
 6.057532080124773
 6.057532080124773
 6.057532080124773
 6.057532080124773
 6.057532080124773
 6.057532080124773
 6.057532080124773
 6.057532080124773
 6.057532080124773
 6.057532080124773
 6.057532080124773
 6.057532080124773
 6.057532080124773
 6.057532080124773
 6.057532080124773
 6.057532080124773
 6.057532080124773
 6.057532080124773
 6.057532080124773
 34.62790609701259
 34.59935857367709
 34.57001811386935
 34.53986269297302
 34.50886967461565
 34.47701579367654
 34.44427713882265
 34.41062913455932
 34.37604652278258
 34.34050334381894
 34.30397291693859
 34.26642782032737
 34.22783987050232
 34.18818010115563
 34.14741874141084
 34.10552519347515
 34.06246800967095
 34.01821486882945
 33.97273255202855
 33.9259869176568
 33.87794287578483
 33.82856436182479
 33.77781430945828
 33.72565462281223
 33.67204614786196
 33.61694864304
 33.56032074902841
 33.5021199577122
 33.44230258027024
 33.38082371438004
 33.31763721051145
 33.25269563728421
 33.1859502458633
 33.11735093336524
 33.04684620524807
 32.97438313665654
 32.89990733269384
 32.82336288758955
 32.74469234273371
 32.66383664354505
 32.5807350951413
 32.49532531677816
 32.40754319502274
 32.31732283562643
 32.22459651406086
 32.12929462468009
 32.0313456284706
 31.93067599935011
 31.82721016897464
 31.72087047001268
 31.61157707784364
 31.499247950637
 31.38379876776699
 31.2651428665168
 31.14319117702456
 31.0178521554225
 30.88903171511884
 30.75663315617116
 30.62055709269781
 30.48070137827332
 30.33696102925143
 30.1892281459584
 30.03739183169741
 29.88133810950319
 29.72094983658443
 29.55610661638975
 29.38668470823117
 29.21255693439739
 29.03359258468691
 28.84965731828954
 28.6606130629426
 28.46631791128596
 28.26662601433836
 28.06138747201486
 27.85044822060335
 27.63364991711552
 27.41082982042564
 27.18182066910784
 26.94645055588018
 26.70454279856123
 26.45591580744243
 26.20038294897653
 25.93775240567983
 25.6678270321431
 25.39040420704298
 25.10527568104299
 24.81222742046965
 24.51103944664671
 24.20148567076662
 23.88333372417546
 23.55634478394376
 23.22027339359252
 22.87486727883957
 22.51986715822817
 22.15500654849563
 21.78001156453585
 21.39460071380552
 20.9984846850199
 20.59136613097931
 20.1729394453634
 19.74289053332569
 19.30089657571617
 18.84662578675485
 18.37973716497453
 17.8998802372457
 17.40669479569151
 16.89981062729528
 16.37884723599757
 15.84341355707417
 15.29310766358076
 14.72751646464366
 14.14621539537041
 13.54876809814715
 12.93472609508386
 12.30362845136136
 11.65500142922744
 10.98835813238237
 10.3031981404869
 9.599007133518288
 8.875256505692505
 8.131402968662631
 7.366888143695817
 6.581138142522452
 5.773563136543029
 4.943556914069227
 4.090496425267066
 3.213741314460222
 2.312633439442727
 1.386496377439947
 0.434634917347303
 -0.5436654621347401
 -1.549139128860915
 -2.582540848499491
 -3.644646351102168
 -4.736252913411164
 -5.858179957340447
 -7.011269665080455
 -8.196387611287754
 -9.41442341283468
 -10.66629139660625
 -11.95293128584598
 -13.27530890556539
 -14.63441690754724
 -16.03127551548636
 -17.46693329082753
 -18.94246791987523
 -18.94246791987523
 -18.94246791987523
 -18.94246791987523
 -18.94246791987523
 -18.94246791987523
 -18.94246791987523
 -18.94246791987523
 -18.94246791987523
 -18.94246791987523
 -18.94246791987523
 -18.94246791987523
 -18.94246791987523
 -18.94246791987523
 -18.94246791987523
 -18.94246791987523
 -18.94246791987523
 -18.94246791987523
 -18.94246791987523
 -18.94246791987523
 -18.94246791987523
 -18.94246791987523
 -18.94246791987523
 -18.94246791987523
 -18.94246791987523
 -18.94246791987523
 -18.94246791987523
 -18.94246791987523
 -18.94246791987523
 -18.94246791987523
 -18.94246791987523
 -18.94246791987523
 -18.94246791987523
 -18.94246791987523
 -18.94246791987523
 -18.94246791987523
 -18.94246791987523
 -18.94246791987523
 -18.94246791987523
 -18.94246791987523
 -18.5923365358866
 -18.61398711113456
 -18.63441667520683
 -18.6536860393056


